  0.500499185179942287504673004150391      
  2.7792506E-09  5.5585332E-09  8.3382625E-09  1.1117786E-08  1.3897406E-08
  1.6677154E-08  1.9456913E-08  2.2236788E-08  2.5016684E-08  2.7796775E-08
  3.0576853E-08  3.3357029E-08  3.6137223E-08  3.8917534E-08  4.1697842E-08
  4.4478234E-08  4.7258684E-08  5.0039269E-08  5.2819818E-08  5.5600513E-08
  5.8381133E-08  6.1161835E-08  6.3942736E-08  6.6723381E-08  6.9504267E-08
  7.2285125E-08  7.5065905E-08  7.7846856E-08  8.0627608E-08  8.3408580E-08
  8.6189374E-08  8.8970189E-08  9.1751069E-08  9.4531934E-08  9.7312650E-08
  1.0009355E-07  1.0287421E-07  1.0565505E-07  1.0843556E-07  1.1121625E-07
  1.1399656E-07  1.1677711E-07  1.1955765E-07  1.2233802E-07  1.2511846E-07
  1.2789845E-07  1.3067847E-07  1.3345836E-07  1.3623824E-07  1.3901783E-07
  1.4179727E-07  1.4457656E-07  1.4735591E-07  1.5013491E-07  1.5291371E-07
  1.5569252E-07  1.5847080E-07  1.6124937E-07  1.6402723E-07  1.6680508E-07
  1.6958298E-07  1.7236010E-07  1.7513734E-07  1.7791426E-07  1.8069085E-07
  1.8346722E-07  1.8624297E-07  1.8901910E-07  1.9179420E-07  1.9456945E-07
  1.9734388E-07  2.0011844E-07  2.0289220E-07  2.0566603E-07  2.0843895E-07
  2.1121197E-07  2.1398421E-07  2.1675631E-07  2.1952778E-07  2.2229897E-07
  2.2506907E-07  2.2783938E-07  2.3060878E-07  2.3337806E-07  2.3614669E-07
  2.3891457E-07  2.4168244E-07  2.4444927E-07  2.4721558E-07  2.4998144E-07
  2.5274670E-07  2.5551080E-07  2.5827495E-07  2.6103794E-07  2.6380073E-07
  2.6656193E-07  2.6932358E-07  2.7208375E-07  2.7484316E-07  2.7760206E-07
  2.8036044E-07  2.8311752E-07  2.8587374E-07  2.8862968E-07  2.9138459E-07
  2.9413843E-07  2.9689113E-07  2.9964386E-07  3.0239491E-07  3.0514514E-07
  3.0789448E-07  3.1064309E-07  3.1339033E-07  3.1613700E-07  3.1888229E-07
  3.2162686E-07  3.2437001E-07  3.2711250E-07  3.2985344E-07  3.3259380E-07
  3.3533266E-07  3.3807046E-07  3.4080702E-07  3.4354244E-07  3.4627686E-07
  3.4900964E-07  3.5174108E-07  3.5447184E-07  3.5720089E-07  3.5992898E-07
  3.6265507E-07  3.6538043E-07  3.6810400E-07  3.7082603E-07  3.7354695E-07
  3.7626657E-07  3.7898420E-07  3.8170097E-07  3.8441502E-07  3.8712915E-07
  3.8984058E-07  3.9255110E-07  3.9525904E-07  3.9796677E-07  4.0067135E-07
  4.0337554E-07  4.0607694E-07  4.0877762E-07  4.1147567E-07  4.1417300E-07
  4.1686687E-07  4.1956071E-07  4.2225093E-07  4.2494116E-07  4.2762792E-07
  4.3031380E-07  4.3299647E-07  4.3567857E-07  4.3835783E-07  4.4103533E-07
  4.4370987E-07  4.4638344E-07  4.4905420E-07  4.5172382E-07  4.5438958E-07
  4.5705488E-07  4.5971692E-07  4.6237705E-07  4.6503504E-07  4.6769057E-07
  4.7034342E-07  4.7299443E-07  4.7564254E-07  4.7828883E-07  4.8093193E-07
  4.8357316E-07  4.8621155E-07  4.8884777E-07  4.9148122E-07  4.9411182E-07
  4.9674054E-07  4.9936631E-07  5.0198969E-07  5.0460966E-07  5.0722758E-07
  5.0984227E-07  5.1245433E-07  5.1506282E-07  5.1766926E-07  5.2027281E-07
  5.2287368E-07  5.2547085E-07  5.2806547E-07  5.3065679E-07  5.3324624E-07
  5.3583068E-07  5.3841370E-07  5.4099252E-07  5.4356889E-07  5.4614173E-07
  5.4871191E-07  5.5127850E-07  5.5384146E-07  5.5640095E-07  5.5895754E-07
  5.6151038E-07  5.6406049E-07  5.6660690E-07  5.6914996E-07  5.7168916E-07
  5.7422466E-07  5.7675737E-07  5.7928577E-07  5.8180996E-07  5.8433159E-07
  5.8684964E-07  5.8936286E-07  5.9187329E-07  5.9437917E-07  5.9688205E-07
  5.9938043E-07  6.0187523E-07  6.0436543E-07  6.0685181E-07  6.0933417E-07
  6.1181316E-07  6.1428722E-07  6.1675763E-07  6.1922344E-07  6.2168567E-07
  6.2414313E-07  6.2659672E-07  6.2904547E-07  6.3149048E-07  6.3393077E-07
  6.3636708E-07  6.3879793E-07  6.4122577E-07  6.4364781E-07  6.4606616E-07
  6.4847927E-07  6.5088824E-07  6.5329135E-07  6.5569168E-07  6.5808536E-07
  6.6047573E-07  6.6286049E-07  6.6524098E-07  6.6761567E-07  6.6998621E-07
  6.7235180E-07  6.7471206E-07  6.7706679E-07  6.7941772E-07  6.8176234E-07
  6.8410282E-07  6.8643783E-07  6.8876744E-07  6.9109120E-07  6.9341053E-07
  6.9572332E-07  6.9803212E-07  7.0033428E-07  7.0263218E-07  7.0492371E-07
  7.0721029E-07  7.0949022E-07  7.1176578E-07  7.1403542E-07  7.1629916E-07
  7.1855646E-07  7.2080957E-07  7.2305545E-07  7.2529610E-07  7.2752999E-07
  7.2975951E-07  7.3198174E-07  7.3419926E-07  7.3640871E-07  7.3861435E-07
  7.4081123E-07  7.4300442E-07  7.4518965E-07  7.4736937E-07  7.4954181E-07
  7.5170976E-07  7.5386890E-07  7.5602378E-07  7.5817030E-07  7.6031210E-07
  7.6244555E-07  7.6457422E-07  7.6669380E-07  7.6880900E-07  7.7091545E-07
  7.7301735E-07  7.7511089E-07  7.7719847E-07  7.7927791E-07  7.8135213E-07
  7.8341833E-07  7.8547816E-07  7.8752976E-07  7.8957601E-07  7.9161350E-07
  7.9364531E-07  7.9566826E-07  7.9768540E-07  7.9969340E-07  8.0169605E-07
  8.0368966E-07  8.0567770E-07  8.0765636E-07  8.0962940E-07  8.1159237E-07
  8.1355012E-07  8.1549814E-07  8.1744122E-07  8.1937355E-07  8.2130072E-07
  8.2321787E-07  8.2512923E-07  8.2703065E-07  8.2892569E-07  8.3081096E-07
  8.3269066E-07  8.3455990E-07  8.3642300E-07  8.3827598E-07  8.4012288E-07
  8.4195966E-07  8.4379002E-07  8.4560969E-07  8.4742345E-07  8.4922641E-07
  8.5102306E-07  8.5280931E-07  8.5458902E-07  8.5635770E-07  8.5812013E-07
  8.5987210E-07  8.6161668E-07  8.6335081E-07  8.6507788E-07  8.6679415E-07
  8.6850321E-07  8.7020220E-07  8.7189329E-07  8.7357387E-07  8.7524705E-07
  8.7690921E-07  8.7856381E-07  8.8020732E-07  8.8184413E-07  8.8346957E-07
  8.8508767E-07  8.8669418E-07  8.8829370E-07  8.8988105E-07  8.9146141E-07
  8.9302983E-07  8.9459070E-07  8.9614053E-07  8.9768179E-07  8.9921218E-07
  9.0073371E-07  9.0224484E-07  9.0374704E-07  9.0523821E-07  9.0672057E-07
  9.0819105E-07  9.0965375E-07  9.1110445E-07  9.1254674E-07  9.1397692E-07
  9.1539914E-07  9.1680874E-07  9.1820982E-07  9.1959970E-07  9.2097997E-07
  9.2234905E-07  9.2370834E-07  9.2505655E-07  9.2639436E-07  9.2772166E-07
  9.2903900E-07  9.3034458E-07  9.3164022E-07  9.3292419E-07  9.3419851E-07
  9.3546106E-07  9.3671355E-07  9.3795427E-07  9.3918470E-07  9.4040348E-07
  9.4161186E-07  9.4280813E-07  9.4399422E-07  9.4516832E-07  9.4633214E-07
  9.4748333E-07  9.4862480E-07  9.4975360E-07  9.5087159E-07  9.5197765E-07
  9.5307331E-07  9.5415635E-07  9.5522887E-07  9.5628877E-07  9.5733810E-07
  9.5837447E-07  9.5940004E-07  9.6041333E-07  9.6141525E-07  9.6240410E-07
  9.6338283E-07  9.6434792E-07  9.6530198E-07  9.6624387E-07  9.6717383E-07
  9.6809129E-07  9.6899737E-07  9.6989004E-07  9.7077168E-07  9.7164036E-07
  9.7249733E-07  9.7334123E-07  9.7417353E-07  9.7499242E-07  9.7580028E-07
  9.7659427E-07  9.7737711E-07  9.7814564E-07  9.7890302E-07  9.7964687E-07
  9.8037879E-07  9.8109740E-07  9.8180385E-07  9.8249711E-07  9.8317798E-07
  9.8384533E-07  9.8450039E-07  9.8514226E-07  9.8577118E-07  9.8638714E-07
  9.8699002E-07  9.8757971E-07  9.8815633E-07  9.8871965E-07  9.8926989E-07
  9.8980684E-07  9.9033048E-07  9.9084059E-07  9.9133752E-07  9.9182125E-07
  9.9229146E-07  9.9274814E-07  9.9319152E-07  9.9362103E-07  9.9403735E-07
  9.9443980E-07  9.9482872E-07  9.9520366E-07  9.9556553E-07  9.9591284E-07
  9.9624685E-07  9.9656654E-07  9.9687281E-07  9.9716499E-07  9.9744364E-07
  9.9770796E-07  9.9795841E-07  9.9819465E-07  9.9841714E-07  9.9862530E-07
  9.9881902E-07  9.9899910E-07  9.9916485E-07  9.9931628E-07  9.9945316E-07
  9.9957617E-07  9.9968497E-07  9.9977933E-07  9.9985925E-07  9.9992508E-07
  9.9997624E-07  1.0000130E-06  1.0000277E-06  1.0000279E-06  1.0000279E-06
  1.0000280E-06  1.0000280E-06  1.0000281E-06  1.0000281E-06  1.0000282E-06
  1.0000282E-06  1.0000283E-06  1.0000283E-06  1.0000284E-06  1.0000284E-06
  1.0000285E-06  1.0000285E-06  1.0000286E-06  1.0000286E-06  1.0000288E-06
  1.0000288E-06  1.0000289E-06  1.0000289E-06  1.0000290E-06  1.0000290E-06
  1.0000291E-06  1.0000291E-06  1.0000292E-06  1.0000292E-06  1.0000293E-06
  1.0000293E-06  1.0000294E-06  1.0000294E-06  1.0000296E-06  1.0000296E-06
  1.0000297E-06  1.0000297E-06  1.0000298E-06  1.0000298E-06  1.0000299E-06
  1.0000299E-06  1.0000300E-06  1.0000300E-06  1.0000301E-06  1.0000301E-06
  1.0000302E-06  1.0000302E-06  1.0000304E-06  1.0000304E-06  1.0000305E-06
  1.0000305E-06  1.0000306E-06  1.0000306E-06  1.0000307E-06  1.0000307E-06
  1.0000308E-06  1.0000308E-06  1.0000309E-06  1.0000309E-06  1.0000310E-06
  1.0000310E-06  1.0000311E-06  1.0000311E-06  1.0000313E-06  1.0000313E-06
  1.0000314E-06  1.0000314E-06  1.0000315E-06  1.0000315E-06  1.0000316E-06
  1.0000316E-06  1.0000317E-06  1.0000317E-06  1.0000318E-06  1.0000318E-06
  1.0000319E-06  1.0000319E-06  1.0000321E-06  1.0000321E-06  1.0000322E-06
  1.0000322E-06  1.0000323E-06  1.0000323E-06  1.0000324E-06  1.0000324E-06
  1.0000325E-06  1.0000325E-06  1.0000326E-06  1.0000326E-06  1.0000327E-06
  1.0000327E-06  1.0000329E-06  1.0000329E-06  1.0000330E-06  1.0000330E-06
  1.0000331E-06  1.0000331E-06  1.0000332E-06  1.0000332E-06  1.0000333E-06
  1.0000333E-06  1.0000334E-06  1.0000334E-06  1.0000335E-06  1.0000335E-06
  1.0000336E-06  1.0000336E-06  1.0000338E-06  1.0000338E-06  1.0000339E-06
  1.0000339E-06  1.0000340E-06  1.0000340E-06  1.0000341E-06  1.0000341E-06
  1.0000342E-06  1.0000342E-06  1.0000343E-06  1.0000343E-06  1.0000344E-06
  1.0000344E-06  1.0000346E-06  1.0000346E-06  1.0000347E-06  1.0000347E-06
  1.0000348E-06  1.0000348E-06  1.0000349E-06  1.0000349E-06  1.0000350E-06
  1.0000350E-06  1.0000351E-06  1.0000351E-06  1.0000352E-06  1.0000352E-06
  1.0000354E-06  1.0000354E-06  1.0000355E-06  1.0000355E-06  1.0000356E-06
  1.0000356E-06  1.0000357E-06  1.0000357E-06  1.0000358E-06  1.0000358E-06
  1.0000359E-06  1.0000359E-06  1.0000360E-06  1.0000360E-06  1.0000361E-06
  1.0000361E-06  1.0000363E-06  1.0000363E-06  1.0000364E-06  1.0000364E-06
  1.0000365E-06  1.0000365E-06  1.0000366E-06  1.0000366E-06  1.0000367E-06
  1.0000367E-06  1.0000368E-06  1.0000368E-06  1.0000369E-06  1.0000369E-06
  1.0000371E-06  1.0000371E-06  1.0000372E-06  1.0000372E-06  1.0000373E-06
  1.0000373E-06  1.0000374E-06  1.0000374E-06  1.0000375E-06  1.0000375E-06
  1.0000376E-06  1.0000376E-06  1.0000377E-06  1.0000377E-06  1.0000379E-06
  1.0000379E-06  1.0000380E-06  1.0000380E-06  1.0000381E-06  1.0000381E-06
  1.0000382E-06  1.0000382E-06  1.0000383E-06  1.0000383E-06  1.0000384E-06
  1.0000384E-06  1.0000385E-06  1.0000385E-06  1.0000387E-06  1.0000387E-06
  1.0000388E-06  1.0000388E-06  1.0000389E-06  1.0000389E-06  1.0000390E-06
  1.0000390E-06  1.0000391E-06  1.0000391E-06  1.0000392E-06  1.0000392E-06
  1.0000393E-06  1.0000393E-06  1.0000394E-06  1.0000394E-06  1.0000396E-06
  1.0000396E-06  1.0000397E-06  1.0000397E-06  1.0000398E-06  1.0000398E-06
  1.0000399E-06  1.0000399E-06  1.0000400E-06  1.0000400E-06  1.0000401E-06
  1.0000401E-06  1.0000402E-06  1.0000402E-06  1.0000404E-06  1.0000404E-06
  1.0000405E-06  1.0000405E-06  1.0000406E-06  1.0000406E-06  1.0000407E-06
  1.0000407E-06  1.0000408E-06  1.0000408E-06  1.0000409E-06  1.0000409E-06
  1.0000410E-06  1.0000410E-06  1.0000412E-06  1.0000412E-06  1.0000413E-06
  1.0000413E-06  1.0000414E-06  1.0000414E-06  1.0000415E-06  1.0000415E-06
  1.0000416E-06  1.0000416E-06  1.0000417E-06  1.0000417E-06  1.0000418E-06
  1.0000418E-06  1.0000419E-06  1.0000419E-06  1.0000421E-06  1.0000421E-06
  1.0000422E-06  1.0000422E-06  1.0000423E-06  1.0000423E-06  1.0000424E-06
  1.0000424E-06  1.0000425E-06  1.0000425E-06  1.0000426E-06  1.0000426E-06
  1.0000427E-06  1.0000427E-06  1.0000429E-06  1.0000429E-06  1.0000430E-06
  1.0000430E-06  1.0000431E-06  1.0000431E-06  1.0000432E-06  1.0000432E-06
  1.0000433E-06  1.0000433E-06  1.0000434E-06  1.0000434E-06  1.0000435E-06
  1.0000435E-06  1.0000437E-06  1.0000437E-06  1.0000438E-06  1.0000438E-06
  1.0000439E-06  1.0000439E-06  1.0000440E-06  1.0000440E-06  1.0000441E-06
  1.0000441E-06  1.0000442E-06  1.0000442E-06  1.0000443E-06  1.0000443E-06
  1.0000444E-06  1.0000444E-06  1.0000446E-06  1.0000446E-06  1.0000447E-06
  1.0000447E-06  1.0000448E-06  1.0000448E-06  1.0000449E-06  1.0000449E-06
  1.0000450E-06  1.0000450E-06  1.0000451E-06  1.0000451E-06  1.0000452E-06
  1.0000452E-06  1.0000454E-06  1.0000454E-06  1.0000455E-06  1.0000455E-06
  1.0000456E-06  1.0000456E-06  1.0000457E-06  1.0000457E-06  1.0000458E-06
  1.0000458E-06  1.0000459E-06  1.0000459E-06  1.0000460E-06  1.0000460E-06
  1.0000462E-06  1.0000462E-06  1.0000463E-06  1.0000463E-06  1.0000464E-06
  1.0000464E-06  1.0000465E-06  1.0000465E-06  1.0000466E-06  1.0000466E-06
  1.0000467E-06  1.0000467E-06  1.0000468E-06  1.0000468E-06  1.0000470E-06
  1.0000470E-06  1.0000471E-06  1.0000471E-06  1.0000472E-06  1.0000472E-06
  1.0000473E-06  1.0000473E-06  1.0000474E-06  1.0000474E-06  1.0000475E-06
  1.0000475E-06  1.0000476E-06  1.0000476E-06  1.0000477E-06  1.0000477E-06
  1.0000479E-06  1.0000479E-06  1.0000480E-06  1.0000480E-06  1.0000481E-06
  1.0000481E-06  1.0000482E-06  1.0000482E-06  1.0000483E-06  1.0000483E-06
  1.0000484E-06  1.0000484E-06  1.0000485E-06  1.0000485E-06  1.0000487E-06
  1.0000487E-06  1.0000488E-06  1.0000488E-06  1.0000489E-06  1.0000489E-06
  1.0000490E-06  1.0000490E-06  1.0000491E-06  1.0000491E-06  1.0000492E-06
  1.0000492E-06  1.0000493E-06  1.0000493E-06  1.0000495E-06  1.0000495E-06
  1.0000496E-06  1.0000496E-06  1.0000497E-06  1.0000497E-06  1.0000498E-06
  1.0000498E-06  1.0000499E-06  1.0000499E-06  1.0000500E-06  1.0000500E-06
  1.0000501E-06  1.0000501E-06  1.0000502E-06  1.0000502E-06  1.0000504E-06
  1.0000504E-06  1.0000505E-06  1.0000505E-06  1.0000506E-06  1.0000506E-06
  1.0000507E-06  1.0000507E-06  1.0000508E-06  1.0000508E-06  1.0000509E-06
  1.0000509E-06  1.0000510E-06  1.0000510E-06  1.0000512E-06  1.0000512E-06
  1.0000513E-06  1.0000513E-06  1.0000514E-06  1.0000514E-06  1.0000515E-06
  1.0000515E-06  1.0000516E-06  1.0000516E-06  1.0000517E-06  1.0000517E-06
  1.0000518E-06  1.0000518E-06  1.0000520E-06  1.0000520E-06  1.0000521E-06
  1.0000521E-06  1.0000522E-06  1.0000522E-06  1.0000523E-06  1.0000523E-06
  1.0000524E-06  1.0000524E-06  1.0000525E-06  1.0000525E-06  1.0000526E-06
  1.0000526E-06  1.0000527E-06  1.0000527E-06  1.0000529E-06  1.0000529E-06
  1.0000530E-06  1.0000530E-06  1.0000531E-06  1.0000531E-06  1.0000532E-06
  1.0000532E-06  1.0000533E-06  1.0000533E-06  1.0000534E-06  1.0000534E-06
  1.0000535E-06  1.0000535E-06  1.0000537E-06  1.0000537E-06  1.0000538E-06
  1.0000538E-06  1.0000539E-06  1.0000539E-06  1.0000540E-06  1.0000540E-06
  1.0000541E-06  1.0000541E-06  1.0000542E-06  1.0000542E-06  1.0000543E-06
  1.0000543E-06  1.0000545E-06  1.0000545E-06  1.0000546E-06  1.0000546E-06
  1.0000547E-06  1.0000547E-06  1.0000548E-06  1.0000548E-06  1.0000549E-06
  1.0000549E-06  1.0000550E-06  1.0000550E-06  1.0000551E-06  1.0000551E-06
  1.0000552E-06  1.0000552E-06  1.0000554E-06  1.0000554E-06  1.0000555E-06
  1.0000555E-06  1.0000556E-06  1.0000556E-06  1.0000557E-06  1.0000557E-06
  1.0000558E-06  1.0000558E-06  1.0000559E-06  1.0000559E-06  1.0000560E-06
  1.0000560E-06  1.0000562E-06  1.0000562E-06  1.0000563E-06  1.0000563E-06
  1.0000564E-06  1.0000564E-06  1.0000565E-06  1.0000565E-06  1.0000566E-06
  1.0000566E-06  1.0000567E-06  1.0000567E-06  1.0000568E-06  1.0000568E-06
